Evaluation Results For Synthetic Dataset

Perplexity Based
 
NUMBER_OF_MAX		1			5			10
Model
Laplace		(0.649, 0.647, 0.653)	(0.749, 0.741, 0.729)	(0.787, 0.793, 0.782)
RNN		(0.728, 0.745, 0.721)	(0.816, 0.785, 0.814)	(0.840, 0.846, 0.853)
Transformer	(0.638, 0.652, 0.665)	(0.711, 0.700, 0.690)	(0.766, 0.745, 0.753)
Probability Based

NUMBER_OF_MAX		1			5			10
Model
Laplace		(0.607, 0.585, 0.625)	(0.680, 0.695, 0.678)	(0.717, 0.723, 0.716)
RNN		(0.671, 0.682, 0.674)	(0.740, 0.737, 0.758)	(0.788, 0.785, 0.777)
Transformer	(0.619, 0.627, 0.643)	(0.671, 0.659, 0.669)	(0.716, 0.681, 0.690)


